
=== a.wav ===
P= 5 | G=0.116239 | a[0:5]=[ 1.15261234 -0.64550264  0.55626919 -0.1833382  -0.24576042]
P=10 | G=0.100222 | a[0:10]=[ 1.32202219 -0.76677186  0.40639055  0.27117203 -0.91512263  0.69802044
 -0.36429236 -0.01112669  0.20860729 -0.01513923]
P=30 | G=0.086179 | a[0:30]=[ 1.17502612 -0.55202568  0.38302157  0.30234299 -1.0146622   0.5621878
 -0.22559462 -0.07750653  0.53726574 -0.05449198 -0.17823281  0.03640665
 -0.44273197  0.30194123  0.29928481 -0.05816929  0.08243032 -0.2343359
 -0.17460515  0.1039561   0.02504087  0.03878478  0.05274612 -0.09568177
 -0.09323858  0.0395693   0.01263402  0.02807319  0.07717911 -0.10711206]

=== e.wav ===
P= 5 | G=0.141801 | a[0:5]=[ 0.92871435 -0.91513711  1.04631618 -0.45416427  0.24058898]
P=10 | G=0.099021 | a[0:10]=[ 0.63526429 -0.85808074  1.179791   -0.11166585  0.39163688  0.13070296
 -0.62079814  0.04647465 -0.44992192  0.1883515 ]
P=30 | G=0.082407 | a[0:30]=[ 3.35212225e-01 -8.39539566e-01  1.06487912e+00  3.51125653e-01
  7.91601600e-01  4.75471943e-01 -5.46249193e-01 -4.54068618e-01
 -8.96148688e-01 -3.32999477e-01 -8.24421260e-03  3.13452282e-01
  3.39603160e-01  3.46402710e-01 -1.31883282e-02 -1.07414257e-01
 -9.93301574e-02 -2.03792184e-01  9.15702673e-02 -5.69457825e-04
  1.49692010e-01  1.42675592e-01 -1.50899235e-02 -2.26309637e-02
 -1.41484484e-01 -1.60775470e-01 -3.97406079e-02 -4.93769543e-02
  4.82507758e-02  4.81324227e-02]

=== s.wav ===
P= 5 | G=0.204110 | a[0:5]=[-0.18501515  0.3196637   0.09450498  0.04139111  0.36357809]
P=10 | G=0.189926 | a[0:10]=[-0.31588135  0.15072559 -0.03264615 -0.02861978  0.25878718  0.08869586
  0.27520406  0.25378228  0.07744548  0.11067828]
P=30 | G=0.170534 | a[0:30]=[-4.17233968e-01  9.51396155e-02 -3.22622101e-02 -1.16432501e-01
  1.45642750e-01  4.69354507e-02  2.59482901e-01  2.75414882e-01
  9.39365221e-02  1.10793199e-01  2.48072253e-01  1.82593475e-01
  2.80306957e-03 -8.08153486e-02  1.18691238e-01  1.21940649e-01
  1.70938088e-01  3.24882343e-02  7.20379501e-02  7.29420583e-02
  2.69118103e-02 -1.90611830e-03 -2.15437869e-04 -1.00066027e-01
 -2.19935047e-01 -2.05957090e-01 -9.16426976e-02  1.43304366e-02
  6.05292150e-02 -2.88119003e-02]

=== sh.wav ===
P= 5 | G=0.102113 | a[0:5]=[ 0.96060145 -1.26958536  0.51482359 -0.56787666  0.0185876 ]
P=10 | G=0.093750 | a[0:10]=[ 1.02956915 -1.57775053  0.92810782 -1.25528822  0.72425146 -0.67471872
  0.35053885 -0.15949236  0.07958799  0.0191387 ]
P=30 | G=0.082522 | a[0:30]=[ 1.04688894 -1.71933946  1.14831796 -1.6837175   1.26163157 -1.41159352
  1.2870088  -1.12118317  1.30609707 -1.07086917  1.25115776 -0.85128975
  0.98420843 -0.90262514  1.04146428 -0.98311207  0.98856512 -0.88481651
  0.81419965 -0.67750333  0.70997816 -0.45275705  0.48883578 -0.30853563
  0.31146347 -0.12766882  0.10356937 -0.07386883  0.01656008 -0.03636515]
